pvalue	lable	noise	model
0.166090037606381	1	0	Neutral
0.173344798881981	1	0	Neutral
0.112907784971111	1	0	Neutral
0.693531469841776	1	0	Neutral
0.197731569251038	1	0	Neutral
0.138257044763063	1	0	Neutral
0.123811611913261	1	0	Neutral
0.20472829690903	1	0	Neutral
0.171878889236118	0	0	Neutral
0.139344936927421	1	0	Neutral
0.148953669006927	1	0	Neutral
0.207703795077859	1	0	Neutral
0.403455592095891	1	0	Neutral
0.234143947727928	1	0	Neutral
0.200015193252264	1	0	Neutral
0.175363822611291	1	0	Neutral
0.118290373463366	1	0	Neutral
0.58753314686521	1	0	Neutral
0.472618973092736	0	0	Neutral
0.503724778231255	1	0	Neutral
0.216000855623332	1	0	Neutral
0.303636274190361	1	0	Neutral
0.32596725896499	1	0	Neutral
0.150044743299618	1	0	Neutral
0.173007215115144	1	0	Neutral
0.545239017208116	1	0	Neutral
0.0541600384166814	1	0	Neutral
0.280676064322763	1	0	Neutral
0.107839922564007	0	0	Neutral
0.0664852794730694	1	0	Neutral
0.576049583212103	0	0	Neutral
0.628726528680112	0	0	Neutral
0.317322773084002	1	0	Neutral
0.229482535420907	1	0	Neutral
0.067859543616843	1	0	Neutral
0.26450819387293	1	0	Neutral
0.374739871090643	0	0	Neutral
0.456386683586303	1	0	Neutral
0.246703432977267	1	0	Neutral
0.247871607668272	1	0	Neutral
0.483518941626807	1	0	Neutral
0.61787133919256	0	0	Neutral
0.215232272678299	0	0	Neutral
0.183047007777792	1	0	Neutral
0.255336516125923	1	0	Neutral
0.720599236306973	0	0	Neutral
0.118101003930465	1	0	Neutral
0.218330578689381	1	0	Neutral
0.815173682127483	1	0	Neutral
0.516330660722179	1	0	Neutral
0.563661728150258	1	0	Neutral
0.220272675043564	0	0	Neutral
0.417934881695565	1	0	Neutral
0.131660634447068	1	0	Neutral
0.360578262381541	0	0	Neutral
0.574142756771324	1	0	Neutral
0.338628290268861	1	0	Neutral
0.48245260903553	1	0	Neutral
0.124943210062628	1	0	Neutral
0.471368734966649	1	0	Neutral
0.144983426212071	0	0	Neutral
0.473945892062461	0	0	Neutral
0.186964782238835	1	0	Neutral
0.371831951509375	0	0	Neutral
0.189268519624044	1	0	Neutral
0.0121699158288066	1	0	Neutral
0.098432701156479	1	0	Neutral
0.39278359421196	0	0	Neutral
0.343515708872492	0	0	Neutral
0.293816207721577	1	0	Neutral
0.0909750866488528	0	0	Neutral
0.232286596158058	1	0	Neutral
0.725316565277467	1	0	Neutral
0.0824869629227243	1	0	Neutral
0.528710494511377	1	0	Neutral
0.342967533516521	1	0	Neutral
0.497282704445912	1	0	Neutral
0.585898973726153	1	0	Neutral
0.31861315571106	1	0	Neutral
0.389356011052612	1	0	Neutral
0.329611519838	1	0	Neutral
0.133872702463193	1	0	Neutral
0.042399451196805	1	0	Neutral
0.17321251194386	1	0	Neutral
0.518409475030284	1	0	Neutral
0.396327413346953	1	0	Neutral
0.194951253426058	1	0	Neutral
0.106354350353959	1	0	Neutral
0.323277091428233	1	0	Neutral
0.133872702463164	1	0	Neutral
0.150717582519395	0	0	Neutral
0.657455300140394	1	0	Neutral
0.0409515477577757	1	0	Neutral
0.371151821550607	1	0	Neutral
0.429472814685959	1	0	Neutral
0.150433979132008	1	0	Neutral
0.641907395657001	1	0	Neutral
0.237066162819301	0	0	Neutral
0.645829228134768	1	0	Neutral
0.0266274736038137	1	0	Neutral
0	0	0	Branching
0	1	0	Branching
0	0	0	Branching
4.47793958857634e-06	0	0	Branching
5.55085080788942e-07	0	0	Branching
0	0	0	Branching
0	0	0	Branching
0	1	0	Branching
0	0	0	Branching
0	0	0	Branching
0	0	0	Branching
0	0	0	Branching
0	0	0	Branching
0	0	0	Branching
0	0	0	Branching
3.06592372301129e-06	0	0	Branching
0	0	0	Branching
2.33874988397886e-05	0	0	Branching
0	0	0	Branching
0	0	0	Branching
0	0	0	Branching
0	0	0	Branching
9.88094089937608e-06	0	0	Branching
0	0	0	Branching
0	0	0	Branching
0	0	0	Branching
1.8019546656034e-05	0	0	Branching
2.52971747027875e-06	0	0	Branching
2.27605424585331e-06	0	0	Branching
0	0	0	Branching
0	0	0	Branching
0	0	0	Branching
0	0	0	Branching
0	1	0	Branching
3.95529628649527e-05	0	0	Branching
0	0	0	Branching
0	0	0	Branching
0	1	0	Branching
0	0	0	Branching
0	0	0	Branching
0	1	0	Branching
0	0	0	Branching
0	0	0	Branching
0	0	0	Branching
0	0	0	Branching
0	0	0	Branching
0	0	0	Branching
0	0	0	Branching
0	0	0	Branching
0	0	0	Branching
0	0	0	Branching
2.9979130512503e-06	0	0	Branching
9.11275369763764e-06	0	0	Branching
0	0	0	Branching
0	0	0	Branching
0	0	0	Branching
1.99608942152985e-06	1	0	Branching
0	0	0	Branching
0	0	0	Branching
7.4842125397101e-07	0	0	Branching
0	0	0	Branching
0	0	0	Branching
0	0	0	Branching
0	0	0	Branching
0	0	0	Branching
6.2493116275153e-06	0	0	Branching
0	0	0	Branching
0	0	0	Branching
0	0	0	Branching
5.64660365298675e-06	0	0	Branching
0	0	0	Branching
0	0	0	Branching
0	0	0	Branching
0	0	0	Branching
0	0	0	Branching
0	0	0	Branching
0	0	0	Branching
0	0	0	Branching
0	0	0	Branching
7.65783233935835e-06	0	0	Branching
3.98812476531951e-06	0	0	Branching
0	0	0	Branching
0	0	0	Branching
0	0	0	Branching
0	0	0	Branching
0	0	0	Branching
0	0	0	Branching
0	0	0	Branching
0	0	0	Branching
0	0	0	Branching
0	0	0	Branching
0	0	0	Branching
0	0	0	Branching
0	0	0	Branching
0	0	0	Branching
0	0	0	Branching
0	0	0	Branching
0	0	0	Branching
0	1	0	Branching
0	0	0	Branching
2.13787033187529e-06	0	0	Linear
0	0	0	Linear
6.34406601374149e-06	0	0	Linear
0	0	0	Linear
0	0	0	Linear
4.01974562447283e-06	0	0	Linear
0	0	0	Linear
8.27949118263893e-05	0	0	Linear
0	0	0	Linear
0	0	0	Linear
0	0	0	Linear
9.53023267524777e-06	0	0	Linear
0	0	0	Linear
6.3813442882088e-06	0	0	Linear
0	0	0	Linear
0	0	0	Linear
0	0	0	Linear
6.3813442882088e-06	0	0	Linear
2.20217199731199e-06	1	0	Linear
0	1	0	Linear
1.03104215609662e-07	0	0	Linear
2.29968258802504e-06	1	0	Linear
2.38822084758228e-05	1	0	Linear
6.60359120718823e-07	1	0	Linear
0	1	0	Linear
0	0	0	Linear
3.79247880655242e-06	0	0	Linear
0	0	0	Linear
0	0	0	Linear
0	0	0	Linear
7.94103588153128e-06	1	0	Linear
0	0	0	Linear
0	1	0	Linear
0	0	0	Linear
6.40749337288415e-05	0	0	Linear
0	0	0	Linear
0	0	0	Linear
0	0	0	Linear
1.52421251187196e-06	0	0	Linear
0	0	0	Linear
1.66912954389087e-05	0	0	Linear
0	0	0	Linear
0	0	0	Linear
2.62173966331103e-05	1	0	Linear
0.000464160682133063	0	0	Linear
0	0	0	Linear
2.45112437210482e-05	1	0	Linear
0.000397558396449837	0	0	Linear
0	0	0	Linear
5.21599948100082e-06	0	0	Linear
0	0	0	Linear
8.63026902164776e-08	0	0	Linear
0	1	0	Linear
8.60270808145103e-07	0	0	Linear
0	1	0	Linear
0	0	0	Linear
0	0	0	Linear
0.000177322433059457	0	0	Linear
5.97151831249754e-06	1	0	Linear
0	0	0	Linear
1.49775574054267e-06	0	0	Linear
0	1	0	Linear
0	0	0	Linear
0	0	0	Linear
0	0	0	Linear
0	0	0	Linear
0	1	0	Linear
2.9103788548035e-06	0	0	Linear
0	1	0	Linear
3.15474245216052e-06	0	0	Linear
8.18296646554195e-07	1	0	Linear
0	0	0	Linear
0.000355318939342819	0	0	Linear
8.18296646554195e-07	0	0	Linear
0	0	0	Linear
0	1	0	Linear
8.94139406959482e-09	1	0	Linear
3.79247880655242e-06	0	0	Linear
0	1	0	Linear
2.52763004437995e-06	0	0	Linear
0	0	0	Linear
0	0	0	Linear
7.65372997069136e-06	0	0	Linear
0	1	0	Linear
2.85213284073604e-05	1	0	Linear
6.45805822918621e-06	1	0	Linear
0	0	0	Linear
0	0	0	Linear
4.21007313622379e-06	0	0	Linear
2.73137244133359e-06	0	0	Linear
0	0	0	Linear
0	0	0	Linear
0.00049610656011978	0	0	Linear
8.33959991275446e-06	1	0	Linear
5.05395047700752e-07	1	0	Linear
4.28438966582068e-06	0	0	Linear
0	0	0	Linear
0	0	0	Linear
3.97732100121395e-06	0	0	Linear
1.3751960499242e-06	1	0	Linear
0	0	0	Punctuated
0.00820434621917698	0	0	Punctuated
0.0243636311823049	0	0	Punctuated
0	0	0	Punctuated
0.000136756150221684	1	0	Punctuated
0	0	0	Punctuated
0.113505230108342	0	0	Punctuated
0.000794296497262481	0	0	Punctuated
0	0	0	Punctuated
0	0	0	Punctuated
0.00488406478863312	1	0	Punctuated
0	0	0	Punctuated
6.02671055471848e-05	0	0	Punctuated
0	0	0	Punctuated
0.00129976478294813	0	0	Punctuated
0	0	0	Punctuated
0	0	0	Punctuated
0.0215216287629474	1	0	Punctuated
0	0	0	Punctuated
0.214634264909298	0	0	Punctuated
0	0	0	Punctuated
0	0	0	Punctuated
0	0	0	Punctuated
0	0	0	Punctuated
0	0	0	Punctuated
0	0	0	Punctuated
0	0	0	Punctuated
0	0	0	Punctuated
0	0	0	Punctuated
0	0	0	Punctuated
0.0191379879899443	1	0	Punctuated
0	0	0	Punctuated
0	0	0	Punctuated
0	0	0	Punctuated
0	0	0	Punctuated
0	0	0	Punctuated
0	0	0	Punctuated
0	0	0	Punctuated
0	0	0	Punctuated
0	0	0	Punctuated
0	0	0	Punctuated
0	0	0	Punctuated
0	0	0	Punctuated
0	0	0	Punctuated
0	0	0	Punctuated
0.000718723612005423	1	0	Punctuated
0	0	0	Punctuated
0	0	0	Punctuated
0.0018651524260771	0	0	Punctuated
1.73501399752807e-05	0	0	Punctuated
0	0	0	Punctuated
1.95939950144997e-05	0	0	Punctuated
0	0	0	Punctuated
0.000147987481804113	0	0	Punctuated
0	0	0	Punctuated
0	0	0	Punctuated
0.000278547478876456	0	0	Punctuated
0	0	0	Punctuated
0	0	0	Punctuated
0	0	0	Punctuated
0.00483846903853014	0	0	Punctuated
0	0	0	Punctuated
0.000611993517319886	0	0	Punctuated
8.86978307046427e-06	0	0	Punctuated
3.54626260468116e-07	0	0	Punctuated
0	0	0	Punctuated
0.00119716271750225	1	0	Punctuated
0	0	0	Punctuated
0	0	0	Punctuated
0	0	0	Punctuated
3.38696438637598e-05	0	0	Punctuated
1.85939619896658e-05	0	0	Punctuated
0	0	0	Punctuated
0	0	0	Punctuated
0.397783822244977	1	0	Punctuated
0	0	0	Punctuated
0	0	0	Punctuated
0.000645299037829949	0	0	Punctuated
0.000421038134682639	0	0	Punctuated
0	0	0	Punctuated
0	0	0	Punctuated
0	0	0	Punctuated
0.00156492479774273	0	0	Punctuated
0.00208216303064968	1	0	Punctuated
0	0	0	Punctuated
0	0	0	Punctuated
0	0	0	Punctuated
0.0296543120792154	0	0	Punctuated
0	0	0	Punctuated
0	0	0	Punctuated
0	0	0	Punctuated
0	0	0	Punctuated
0	0	0	Punctuated
0	0	0	Punctuated
0	0	0	Punctuated
0	0	0	Punctuated
0	0	0	Punctuated
0.00156042519079846	0	0	Punctuated
0	0	0	Punctuated
8.30754422909141e-06	1	0	Punctuated
